                    CPU0       CPU1       CPU2       CPU3       CPU4       CPU5       CPU6       CPU7       CPU8       CPU9       CPU10      CPU11      CPU12      CPU13      CPU14      CPU15      
          HI:          0          0          0          0          0          0          0          0          0          0          0          0          0          0          0          0
       TIMER:  704450272  770041314  789203040  783951644  781602090  768079442  777793860  769055465  562084083  557180163  577649942  547576368  572456654  533974659  543223480  556196781
      NET_TX:          0          0          0          0          0          1          0          0          0          0          0          0          0          0          2          0
      NET_RX:   44354088   44515345   53623559   46974173   81075206   46167174   50663939  128693511   70541329   34522131   42437275   42606873   62443785   68676519   36448928   28524398
       BLOCK:   40737518          0          0          0          0          0          0          0          0          0          0          0          0          0          0          0
BLOCK_IOPOLL:          0          0          0          0          0          0          0          0          0          0          0          0          0          0          0          0
     TASKLET:          1          0          0          0          0          0          0          0          0          0          0          0          0          0          0          0
       SCHED:  374926228  349312578  351279389  348161223  342657243  338987722  346640139  336466191  171042601  158713450  173850724  162334874  173264995  159011925  163535481  160943390
     HRTIMER:          0          0          0          0          0          0          0          0          0          0          0          0          0          0          0          0
         RCU:  308831414  321189780  329242100  327943826  323528236  319228348  323470195  318396594  209880125  201210383  215234065  201722549  214195615  197434368  202543831  202812403
